$ANSIBLE_VAULT;1.1;AES256
64333932393464626631326233373433373937363466623566383930363665303763666534363130
3263633231333964393961613839356537346131313738620a396330393734393734626564373539
38613536343736663963376431663135303063343333623762313330346533656137363330373938
6662323233393964350a356361333761623533626462343037616464666430383864363038366361
62326566626131373164346639393262613935646561633339303765656232386261303665396264
34373030353037646162636334616362326330646463306331326234353932386132663331323338
37346238323931613361313666316338373935336134663965303435343333363663373765323561
36353265363833623034396339316430313264376261616534393730643132613532333364306466
36333666636137666332333635663161353039363763336237366237353838353433343866363134
66366237636335616361396165613633386236393964343435363838333732356566393636633336
34303136313430373266326165636562393537653136633432663830626162313934353766336165
31343635306632376166396133636566376439396639306130613366373830346432646638383930
64333230326532666532663437343835346239313434386530636363336564363238363736323233
62393832333930616134316163323331386664333666333431636464623763383164366536616366
65363063656432366332326239613337323865343331396533353164346532313139396364396331
64363435366135363161313166366230306364336463333165353165636437363230363266386131
65366335663362646166663533363437333633363862623163663366666439653832373130333630
39373537353734356134373334616236303837306663356164666539396332303736653734643061
37376263333635333337383037313338626661656164653863343731646539663762376436343861
35333232663665343266383538363936376230333732623830616464383863343633326565623666
32316661386536366634336433353532613135393630643231396532636639376530346239653165
34333939646563333338336638666636666665613035316631343865376135343839353962303933
34323166636338333063663264333137633333363162663636336464353331306435303761373334
62383262396233626537666632376130313239633932363037363763306530343236663338346134
30306264316230343464306463343462343534313266363562653861636634393665366334643232
33653233623561306561323965626631313530396261353666303361323532383832646264326132
37656238363937303464343863313837636338623763303339306535613736636231666266373866
31383131393237323463663539373461383062626433326232623866623039366661663234356535
65383364393531313239333030616532356638643862363665653234373663363633383861346162
34333139366665326634396361613766356466613662636338353035363362613263306533623738
66623334393337613764326536313262333765386231383061663031646132386264396666633338
32313537623637396434623861383432636532353434303334363236663562633361346336326236
63343763646437626135663237373039366432663663363038633461356130303464643562323235
63663139393435336630373837623734383235353438303239303030303561356133666364343433
63363763616230306338373332623962653839626232343035353831333464376537363033366265
65653862636634353830663964636332643166616562306133633836653138383065376330353936
39663565313064636461363433356163306261646363363036346263633131343866663565356363
30323331616333636632376262383565363332373264333730313630373363333039656439353433
61366531356264663538383738666238343236386431353531663365613131643866326336663637
35396264396130363031636433353965376362636531626633396365353233393430313332663738
64333936343738636435363035633632383564373239303031616162666134643662373833356139
37346564643033653031323638393763636336626135623664373962303264343938376635353730
64646339393937386636663131316332343166623638396261656537386637333237663136636565
33323361323238366365636639333738616331613035343533333664313363636564373730343136
33353961633037373339373763376262336639396263323539363961633533316562363534306662
61393763373766663235613236663232663139643431363439666438396131626438343435626430
36393761356634393733366631376637396538383966393166633761623764323734653465623964
30353666383038353734363966373136643637616431306564393730343862636237656334316438
63383263303337666666653861323432323438343561613138656532343230646336346234326136
66303338333033663364336539666639353333396539666633656536363962376133393666646363
39373231373031306539383331336666646339356462643636356536346630646563336539313139
38656165616361343835326430633932303032616239353830346530323932363731366166386336
32323339646163613666653731616263356562383236346635633732323063336632303331666161
37383631616335306638323533336164316564323663356561333764326435613862326535346638
65643464303337386630316530633231306663396532306632316238333634346538643031323436
63653764626238303334366632303863643332313830356663313666626331353335373761326537
61386335333732313961393836333935353230653466366439626361393035303666313132306339
62336633623332353034613864633133336531653931393233313065346437323539393636333435
32333838306137376363373532643231383035383465656666656637323434323233386530626462
33636239393634343762366263643561346632336430326436383965386634616336653462316230
61623733333566613733303662356230356331353431343734323130336139633362666235386637
31653063343435373836623236333335356635393566623739653465393138316538343066353062
30333738366630386532306433646135323361366665393266666536633265336664373739663733
34636432343738656136363632323439616539616633303964633662646562663866353561353264
39363130343365313965323331346361363663393532396661626666656330363830366434663437
66656336383364323736663135303735356233633339653337646337323633306635373236373363
36373934633138633430363061333330396465306430303261643832306461303466353339313137
66396564383037373464636339316635633639613235366561346530393464383033643031373433
65663334336365336131623430303931623661623866316433663431626636376263333935616237
61613334636236326262633634343132653938613039643464656261343436316164633138633532
30633533303936653437626330663061636261343561336231633865353264363634643762613838
36343961373131323933326633346439366561656536653065326136616530653735313737393133
62353361663236656461376537396337326466353964636365623565393062323038316566643166
64346463333731343862366433316335636235633938386561616238306439373335653733326434
36356264383962306531643762646361386562366339376431383636643931353161646364336435
62356463626338383133303035356361333937313538643366336261653831386332396539323362
66613362303464666139313635656638373766373933643831313631336265333838373265376239
33343233613165373738643833636133393935393934623232623064663863343464383938313736
39396437383164626439613938326366616336353436666634616438623130376463373930613039
66363637643963323536353532623364373033653963396466333862373431623465333461323531
35366337356562653834646365333734313636636263656438363761353633383564396639623564
39633638313864306562346132633937633961636138656562373236363761316366663966616166
61633562393738616465333364643662323165383034326364316336343561373537626463363966
32656463343965393834396535306666643433613663643466663864363538366232626266306533
63356635663162306538333530303735633130303363613038316466363266653634376661333461
63373235393635653765323337623639623531376533333061616135666130333332363262323137
34316431336134373364666366333930383337303762303464363833343239373638653037336630
30656161303836383033663531663062306538303133383037343132366238366437623837313837
65626464363738333439366534363435303261323363653839383166303638656361
