$ANSIBLE_VAULT;1.1;AES256
35626438623034376534316463386663616365323030653736633632303966323062626161636137
3237626434663333653431303732313133663035643931620a646637633263353733373165306635
62633261666361633631353861343566356131326466636365346166316433623537373866646139
6634363661646638350a303337333536633238323930663666363061633262626532373361346161
61306134326632393765633133356461303431303863363164643464616230666539376666313566
37343738323733333232396564363130363665393137636230653036613666633433306365363033
66313936343033393832623436656139653566633964376664373639343637396334366134363333
61393563376633623464333463613866346337343066643038616234653735653033323335366135
63343534356366626330616361323837626664623362363032386332386164623238646236666635
37343361373131623139323565386536313439373335623034373138356461623434373762396365
34666366306666346139623432323533313031343361313839323536663765653739326530383136
31303630623466386133373266393466363962336136363864376263383038356163386265373036
35356331616534343037353736626131646430303136353531383361386264666130303363626561
66343262386365663461336231633565393532653231323038376463643539643634336161363363
32383161306632613663336563303331343236343266633162616635383666613532643538313236
36306631353366633434316533366565336266643837613138663534353662626635646666646337
31656636616630653636636664393566326633356366633038356165326566653139356163326135
37636138656333353736303463346562623836656561353534313163353934646237333265323334
65353033336535663066633561653437316135333634616566373933393233663238393833303461
35326664626666313735656235313164333430333564653161353963396664626463623765323036
34313236393565613962353163393532333761373065366436646539323037343531323039333032
64626530613737303735616461663263313364376635396637613762316235623030386639363562
31643466323437326662656638316337366130383664653632613030353037646634376133626163
37663161313931363563643830323162363634666438343639666634373635316664366538353338
62663361376136353432336139303162383238363531633262363762386664313139636430363831
33633839613831613230306438626631666632343335333835363431373137376131346634336133
61353938613838333839323961336134313764636438383164656361363566373832653131313963
65333036363634376364303238616462366362636331333630333731646337643363373132343932
39326462636164636538306533373766633937356461363861653232353031613835326264376631
38303339663735613534376231616238636266653730396533313735313866333138623363643263
36613462336262393238356138363261326239616635366133393234353466343734346136363930
39633530356435633361363733623033383835306633323130303832363361666434353363323861
31363231646162376566656364636434623762616431633433356133393062396438343530346336
63353962393863363466613764646365326639346535386231306665333132326336343131323037
65646131363464613763636436303663353036633665323463653263623334383161333939633738
30396236646130633161366666343030346164623366386133353830313738326431363534393530
39383562383938616130383564353433326137633534613863383239313032613665663164343766
32626235376630393632373530316431666133313135666333333566616238343861343765666466
36323937346539633462663663393138386364666537303039663932383931303838363536303832
39653531366532633031643664336237363939656665366639346236336462616638333336323765
63323439323638633438623637313835646230326130613864626531646635353636333939353237
38656638663266343430373736303033396232363534333239356366323265643434646661663265
33366634666437383465646662323265393937373235386461336130373732326435306362346366
38656233366565663663623634333836323063646531386435336134633730343466636466333738
66346631663863613366633734643165663963663639633062636164303466313937373761636563
38386234346361636264386231333664646136363736383236303631313462383430663535643464
61376566633837333239303036646463353866643234333837323161626561653539306630396536
33653863656565663037663434666534313936633537613237633865333136363062306362653863
39336361303430366330666138353033623232353765386635396163373963373864383436356231
36303861343933666164663262613163663836386539633733386561306130616238313738366536
34333262336663333933643630386134386661343032356532303565383661303335633165373936
63656361633431616531623835653461613131376230366265633366613365613563333034326335
30303063626239613031393033353733386339616439376165666463363339393063623239626266
64313533636365373563363566323532373035376134656462626531343865353761346663623635
35626261353630353539653136656366356333633161383134363234653662303831383736393533
33306262633466623935386137663537353034323734396662303432373663383433393564363664
63393764636234303335363365303364366162616235323665313636613137343031343237373463
65306532343062393034636236316465633731306362396664613237306333613839613265323630
35343036666164383238303066653738663765613439376231643636306338613536316365353631
63636634383765623936306362396265643537366533366461633066666433626363653530363437
66643363313037303638653335353462666563303536393331376639396164356662373437666463
33346632313030383738313433316566643664653861323561316333303231616139636265333730
36336261373434386162313938316533393336306537353431306636333637613562333062323239
62343766633038343731346165333335646637663064316362633331333064356236353066356366
33373838363439643935313666643263356365636561666136373533653661313661373863626431
33386137303465363766363265333234386134383139356366626264646138663430333566666533
65346666653539343766303235306138396235633561366565646533306466356231336135373530
34663838663636393965666532666139663438333131613839303138353839383762646438393435
37393034363765356262353036363538323662623037383163363733376566373236346631393931
33373761343630323834303536326630333736646531353662353864316334323935346232643063
64333534333636663132323266376463323464366263303639646462656139653433346236316633
33653238336461626666356237366564363234333934626162656636623432363433356332616266
62666537653666646664656562333766313734616132616438396333656130653532663534393130
37626566633733353930663135313739636430616636373036646332633638343463653661353732
35396365656662663265313834363036366338663132376265636138363163623862343133626562
62326161353634343964613736333436323134363563396130336536383037366661646362323363
35383431336637353730383038343534363166623232623035663865323339336634383434396538
66633835366636393238333862303437313865653862636462643831633466353632336535636664
65386439396230333561313534346237633531383335323738623733616362356239626362643739
65623634323930636663323161343434313535623436343365373137616132346332663062633763
37656562303066333431393564343961383564306363633836336164613132356264353866656631
39623763613535626430326335613332633331636662313632626264333964623463303066613365
63366264373536346239353064313266623539643239653334626537303439356665353337653732
34663239393238343362623566376139626237353837323839313461363064326634613830656337
64336238333637356139306237663461336632383462383263326365626663396565313866373231
36643433623736623861343932663338646136656336326563393938663766633163363764616566
66373461363963333930643161636533626532333337633737386235346234363038313733653331
31326138303964666532303562333464326431623566633265643736326531346131633431353938
36353663353065363962383265386635316439636532353138303463383063333130343732333861
38373231373234333464613865636536313764623966663938363934313734306130633665396339
30366261353136376434393735306237356562353966386335363865303634383534373436626137
33653665323836393563303436383832343233353131346466336164313432316634613235363565
33636433663435396162343164656431363237626663336134626264613166313565393731383734
62663664306235613433373437306566616165306532633939333439316665376561383131656663
30616664616161636334653466393633636530376462613834303238383235333839393835303964
63373832316138376136333632373464303633346637343431343933383837383235656132643161
34366637343032366161616163666436316236383933313134643362333365363961626132653639
64363836313564343936366335633933353462626637386438386663343261313362333766653436
35373961333034613866343635653538616431643432326232633233623434633530353361386134
32396661366135353065396330643666333964353561623737363832343164646564373861316632
39663365303433353731633930613762633634316434313637333261363831636163633861663338
63343762363965376134666534393266623439613163646633356133623063356231626565393934
62353161656432653438653038393237623830636633633739343133303262643132666561613765
39323930326663373564613366393665613031633462646366366661333836323535666638386138
65353430376133666631323838376430346238333863376639363037353838633431383831343738
65346230646366633936373531656432633762653630313936303461376634623135643136383262
64623039326137636361333635353861643366633631633534663361313562326139623466363062
31326437346531643337393837623030343930303962643631303830663530633932386232366138
63383733376330343661333864316136363766633436646166343833363936653964326335613333
64356163333836393939363664613336373031343932393461396261316635336336313637393933
61616439626637326339343961396337313934623134623238316337306235643236336562396161
65323661356362653536623364373063303636666461386664366436336230373235303539663630
37396631333831383766623162386239363632306365383935383330633337386535323331356562
39626262636639343162613663346333656533666563633733376235623933626635306462333461
34396562353133643734306337653032636334336333663232333839323636363364626238616466
64353264623530353161663566306563353330666134656461353031326235373937633536313062
38383431373935333563333137356462343235353363613536366164626638373266653634663663
38613462326636666664396539333862623331666133363130656237313763353963613431396466
62343838363266636633343339666565346361366561616137363731623262343439383230363536
65636263366535623966396539326565643834396334663738663230363736633937633163626233
63616437613966633762653434306538643139643039303131363030343337386263376536613963
61383266393233376233313962333033353535356233366565346439353233373036616339643430
36393662306634386138613366303530393365323332393033316464663566626530373463316534
30326563326335333333323066306264343831663835643763306136613039613436616663306365
61333861613133323432393537653731323532396565396632356332363531316165356262626162
65333864376535666331646630316433386230383463356562616631323334346365396532373232
61346235646362366238376437373066366434383032633462343465323230643537656565373662
61653666616165613135633562373831663739393662393833303939643466653866633938383062
63376365653464343466343232303536663538336461623135333239663230303663643235373135
62613430666630643466393530313434393234363438646534386338636236376132356164363336
36666137373261623063626430666230303639656366373533346363393636333937326163343661
66323266613261666630323734626231653765306533363330326536333864643766393834636161
31353836623133643331366335323439613666353639663534616363396265346265613130386635
38343933663661366331383563616638333132373335383933323830626661656231306239613663
37323566666439653534396635343930323936663239313434616134336532333632636161376565
66393933316631613438346233313563353833383365383730383732353339333238303366623036
36333633383932353232666130316432303336363733343131633161343436373334306463303665
37333938396235373739343865636236663462393133393264396263326466653136393934636332
33303164663232313930333262326132383863393234366566303634386162313363663538343762
30396235363434316435386464393461313964356235336435663830393335306332656236346236
62323131353437613936323461633338653730343566373762363730306564336535626630303831
66643539636334613132313630623632666532633237613030333430356535343633353938356635
61666465386362366139666637313536373932363331383839333766353835666533303535306334
64663435633861353539373866366265323861376533356132626630643032636662346338396262
66623838366131303332653935353161373633373535643161366331376635333464316562396663
66656232313566323437353663626532633564323362373830363133626133393639666639303261
33343435656166393464613634646162653261366164613837303936336661666264666335336561
62333033303836363638363039326364313131393962386534303133643635393865396661376532
38646238613163303061653762306361336533343134343765376238666331313761616332613939
65343539313363386138303761303137303936383732366331336436646637643261346437626665
37626233323139643338666632623530373837623835333063326238333563313735643034623633
33316139313036633330653531336137363866623662363062333033623965323332393765323633
61316664313763373363613532336435663039633434313662363136346539333362316666316138
61613762353865393733643738336637663564343163663836626361663439633132313462363032
66653261643736646366356638376337383263646334323464626332343433333161323061616366
35396236303637626134663262623262343163313263306336623735326535313966653464363237
38646134383461356230343833633031646539636362613764353562643430636639373861313737
33656438643665666661626366616632343434333937336636356266623134333238363230393862
32326537353132666236316633646637633838363762303730336139656438323063663531613930
32383836363132316164383561653434633732313437353735313466346134353830346236323933
31326135663535356438613562316132636362663863343738656163653539393931396335336637
39633935316662373663333531363366353633326439366534653239313464626265613763633331
62623036653466623831326239353465366163313962313465363139383535653634663763363032
38613839323339343333663836383533363438626232666461303232336566333537653263633864
62323536336634653534643461653037663832366438663136383138656338383666633332646438
33353037316439626633623639383063343962636464653439303338663833393862393833633133
38303838386165323834663464303066386131313665393933326632623939353365326633363734
36353061326330636333613635366635333434653831646165663562663336343138363465623666
38373536306134346338346536626139346239376638366262343136396663306662303138616631
6330623262313266653366653630646464376534626435616237
