$ANSIBLE_VAULT;1.1;AES256
35653661316665643566623138383636343937303330383530636666383031366536303937623937
3630646239323264656664313162313439656664343062320a613662323062373464316563663736
65636339363163633837616361366331376131386665613431386133303736613861313864646365
6336656534633565340a366266306632356564653761653531383162353732353334666466303164
63366361353437376331333062326262666437373839653862633337303262633061316134666231
61643962356539353062313939633233346531323065646137356465636261366565646139633031
36303837363838613430383538313538643932633834316266363436643139643634363630393239
35366130323134383265346633303633313463353033623431383132663532363935323334636334
66646539393537653163666663333135383631653435366665613437333463343736393638343863
66313933663562623661323131623664653737383332393363363736666134633237343833303431
30633834376134396532346638646133326565343636383232356137653035613863323230383063
38316166373762366461316161643866633664363239633138666531323165613131356437636366
61323763306266373030356530393463366330656661303565643636363438666164643463383636
30653537623035313832383234316536643134353732303533646633666533343061646630393135
65303437356331343366366366653163356636393539663135386232333237313866343134643639
34353936323435326432643736333632373735316165343262626264316366386262643231373366
61366361336232316637666435306631366261666434343539653965323163613237623461666437
34633233376465313262346231323031383535336539613666343161376433626630653033396532
38353531333836623562323136396464656661656634666333323764353563303939363262623635
63626563616430643837666661323537653362626638613464333562356562323463323033633465
62633266656337316437643430363236626334363630653833636635333365383535333966653231
62623236666365663864393731353735376538353162333466303030333638393131326365613730
30333566363238313537373138386135373531636266343531313163633739303631333133396133
62653633653265353836656361383039343165626533363337313363313438343434313638626232
63346132643139353664346235656633303031616532373664646664373639343033333564363766
66616135303336666138323930363564393430646336396334663431633462346436346638396136
37383331336632383439313931346363646633366438376366393330386231363936353334653037
30626237643532336164363337646438306261306563373334383033363435326236313561343933
61353562323530356565626630336463313938363965346533613631343236386139396131633965
33373264663330396566346661656136633939356166323135336264326132373636633130353061
36313330386336666662373832653265386339396462303965316261356132373135363864373533
35366437653037646632643262386235383737346563313733303435303562313336316164353533
35613465643031343966303836323230363964323936383135396234616433396166316264663164
66313332356136653364316363376233656465643730373766383635656661373063313031333761
30393937363062613137386162636362653533323533356562643131653837646532383863323233
35633235376432363935323631653230386531383762333663656265323231346165636333373631
38326265633739663162393063376234616430653134346464306531616433333531646461343439
63373064326266653931626639656437393162663166633835666434336263333134663632336330
64373936623538386234383636323037323533393731663438346430306266646535616135386266
62313830366535313336336461343433656264656333366235393236643432313435346464333730
39613364346530656234653532633636313930366232326561623339626636393161393133343139
66383463343062356663653839616634323335633634636338663134646365623836383337356666
35336536366363393331306234313437356232666162303431373861346363656138656564336264
36663032326266653465363337323062633633383931663164383038373664343938616436306230
63383433626633633563333866356536663436613761643835666336383033386161356464613063
32393866313965313863653666303838353737373862643063656532663861326564666533333564
37356631386138383035333132653037336563336366653532396431646162323866313735326538
39613030636631346332656262646233313064336230643065306636366239343335383136303965
39626632376533313133643462313931653165306466323032356334323236633639663330303939
34633937623632363162326361393432633563626636376134663935323334396439316365636234
66633237393862366335313939383263356461376132323331383664653838376130623635366363
61346234623662343664353239393938633234656135333662333138343464636439636438306465
64663166653065656334616333336261616630363132346565386435336363323139613133326363
39666362356664646639643039313733343039336337626439373932623235313831383937363264
39613736623166363830316661346663616563396562613361323161393232643037396139356436
38343138353630623132336334353232306534346237373438303838343534323864613161646237
36663235373036303261376266356631363136663134663238333334336430336661373931393062
38383638383037666362356134313933646536643734316431376364626165333337343939626635
64393565653539616234666233346338393131346438386234613563396562303461623037613834
35613763386461346537323337616662356334316239646439366363343461393838356361386165
65316133646530333331393735383332633964366130653535306634386330386131366365653639
32643061383137313638393262623963666266323439326330303566356134316166663135613065
62393564373630306138356239333039363461346533343633616535396331656664343132396332
64363732336532336262666332303737643731346462333239376536313538353431656539376435
61623665323266633066303931393563643337326339316239653366396135316634366135323439
65333137613432653335386433326364646537356465643137333430636461363162663831333035
36623064663162303134303038656538616334306436653737303335333761326365636262633636
35343136323363326165326332323130323831353761356635333234373839613332633232346266
66666632323866366337633333363463656531363838373637633761303639643863633334313862
34666566376531653336333133336562373636373333343439363130376539626261343862663836
62666538353432363864623237316538656236366566643130336536333833383361313439376563
36343663343863383166393561316162373666386365613934353562393863663931383062356534
61663132333565396438653362366464636464396539303365626335633661653737363237376631
63643638326435613537306536653364366663333438313930363639386438653837376264386632
62623264376362666336653961376438333966393862343662336564616462643732303136303534
62343531643765616630356235353031616337356537346232656633376530383038376634636563
61343338613238656236666337323836616336376432383833623037323764356561376433633932
65396238313830653665366437636131336662666235353262393732316632383361343037383235
39646266386639336430386536343030343334303034326564626139306238666261353838326161
36356631626161643332323231376238656463363538373564616465666662656632353034393766
62313835616535306463353039323161663431326436323035396262656235313731313637346436
62396631643331626361636539306334306365643166396330663666343263363537383936373364
63386536393335616437613636346636626432653934343130343635666561353430346330306434
63376462346237393532623331623135623930333534636361306238363831376633353034336134
64303466326231343632623262333231323831393330343463383261633531353830616265663163
61623465363564376564343535356235346262383130656339633363313862363131353833613432
32353439356533623264323534633266646564316165613530313934623565326332336333333432
63346336346366666661313637343833336663633733373737376666376564343037383762336335
65363236303232363830336535306439646161633033333463306338333632333366346531613163
37333632643463393864376463393635616331313564323434633264333364616236633366396461
66343230333634663330636263353962343231303162343766393861373931316235666435373138
31613636653434353936363739316631336331373234383438353261383234306438653361376161
62633163323064386230623330646234373430623466323262653239383336656139646165616166
65376266613865633263386664643264396266313835633632616266383533643533346234386136
61336433333136383834613138646532396433643062343338356135393533666332613635636534
65353630623534396466333836643539333161306135643264663437623039376432613538366666
37313963633831343433396162366530373430653737633637366334383133646463663662316630
61663764326332646230646337653033633439643732636239363139613936616164646432623961
36373137363564383665653430616337306661323537613661616634643230336237616336626363
30323132343839623539306463336164353032633037663730613737336265316565663831666330
32303439363139343639363364313764663830653163633539386238303465643136336163386339
64646135666530363333653538346237373133666336663439313065663262636361376536613735
37393762643365646634343730626465643230643033306435623564653834303462323734373432
31353735616166393362346266636237663933666532663538326566643934636639306365653438
31393665383436376335386239646666333534616434306233386164363436336462626437633562
63643630343230303034643963346333356232343765663332363761366633656663316463653463
37323462313638666237643334343465626139623462346639333733393164316437303865356536
32363961653736366534316432353561653531663131323134356636653232326539366530366531
35333835363961303231636562613234306466363836363333653639353131336633633266656563
30303366396135303164653566313965356366653034303462373837343137623637653939316231
64656234613666346530633364663333313563326133666463393333376137333839363834306136
34356137346663333463653132646132343666303839343434623335326231613535373037633233
30656562653438333964336339643132616337626164633966616161316432666532373464383435
65386333353365633535336561386634653131316631656537393037333738623166633631616562
66336339623065363634656433333537363733666363393165366138646538363439663534343230
32643936373733623462616438353930653161356365386362363137633962393164353563663137
38333036623864336466643339626638643230353962373439386135626265663733356161363334
33323166363034353936343838643663333833613933613033373134356336343936333738363337
32323761336636333338386237396566396234383135643263326161326139383632333561636434
35393834396337643436633333646165386138376465623039643163363631643730623034636665
63616634353364623965653635643866383632326161363237373637326439633261326537386264
35646466346166313935343331613366613266323430383038323763363135616634393764656436
36626665383034346138363438346432316135666137613537376337626636313063333434326635
39613562353436626634613933383430343265613266363164663664666661363738343432666435
64653961313538346431386433623264613964626261396631626635356537316437623630323232
61313966646438303437323030363466383537393936383362366266363132663965623239383638
61646562333530353138333233396334303232386332343939333361663265376564336239316664
33323037623535633364656662343738326632383263613435343761313364386236333663313636
32323631323862333539613636646462653431663630396334646265356263623663323337393661
61643065303031643238393165646333646534313831306631383361313337643263396661636431
34616664376332313737303038663237656162323761353337633439623230306464303234616161
30643733653239383562333364356530636435343834393266396430643636663261663366633137
32306462323562313637623531336132303465643038366535356561323462653435656534623537
38366238373736636263393838613964663334613764663466323034653538633162616561656564
36366535646665323464393764653231666332613433336131623765633566386661633037346637
39333332653632336161313239636239353435623232666535653661356536303536636333633830
64633139646563313962393039336333663033313566346131366263336539636231393836333938
36366461326166353261353739396132393166353765346462386335343733366537663763363934
30663762363535336465356439313661663537333433393038306230323433663530326163376438
35613834393039323064656462303137653066643266656161613732303564396635313961356432
35343630373165323563313639633331633563393338363035336362303264393536613565666634
39326365393162643562383762363965343165306530306634303566623634643339316663386336
31303534643935323566383264346333366666363365363137383139303135336236313139366339
38303064363761313337323234393465316237333534323761326339623966336634376433653564
62343564396534633762333065346263383563343563346161663032623463313532303836353132
63643061376666633338646461313665356664643463636638663065373939346334623761663531
37353437383630326538643633303631383433643138653561366362626537653862323135303934
33663765653235333932636563376632303632363738653230323430356164393239646236303465
31373663353363343038663738613131663838376236393834396561303965303938316264613565
64613665626138323864653238323965306561386437323565633966353862323538376364656133
62323230633636373438633038653132376235303866316339323030333364303332393732613631
61346561633038383232653331323362373262316163316336343465346165316561323931643030
35363063363131386534646666643539316162313937633164393961653734303132633064343937
32636235626438346337653430636438323162633066666262336664366130393161303434313038
62666633363034323164646433303464316132613362376466303532383830396131636232616461
61623265333132666234616432373536353938373662333933356232666463626437306434313332
61353966376436336366306230633539626234373039366337316363346137656238326262623735
31623630643834326263393265663431643539653165303830376661333164653532316361626232
63363930316165333864653065633935363265313861366233633634623366393830373362353436
30396230356239386130633639313836393866383039346261373665396132633930363764343339
36623739663463663438306263313662396364353264663533656237643333643733653865666232
33353532323061376332303335303966313263663134343330623863303264383564396334636639
61653866343965623831313663643539386136303463623937653730613831626333316233306238
62393061663734303738343762376564366563343136353666663539353736396365343734653530
39353335363366383736663530623033616461343837323835393732353761653164366632623538
66386430356463303137393533396234663162633464653461666463663338356231623734316539
61303065316233346534323239376531653737393665656363386264393464366631636461666334
61303732636634353365316661656666323937336162303039643135373364646537333238663734
38353133363630333538383539653032336435323632376432363463653561373863356261393839
36313132633963653534343530316136623664663639636230306136363732643833646639346631
63343538663232373932363066393335316563616230363938336334623137306463316139313530
65373535383565363234623131613061366431323064643961373233636562376462643866356665
35613633636162383337313766336237623239643635383937373533633764663531376630323839
3434336333373836623532666131373533636530386238373666
